 0000000001,  0000000001,  0.16169728088479294E+008,  0.10000000000000001E+000,  0.10000000000000001E+000, 
 0000000001,  0000000002,  0.46497424397723243E+006,  0.10326970295044788E+002, -0.69349983463624085E+002, 
 0000000001,  0000000003,  0.26235031887510249E+009,  0.49722776925108462E+002,  0.39965171883155023E+002, 
 0000000001,  0000000004,  0.54431945861806199E+008,  0.27543199858682883E+002, -0.13305382729868640E+002, 
 0000000001,  0000000005,  0.31292231682449543E+009, -0.33070461072327234E+002, -0.14224793888901672E+001, 
 0000000001,  0000000006,  0.81247867830908227E+009,  0.77835330907580044E+002, -0.76499513070353046E+002, 
 0000000001,  0000000007,  0.19687733510268319E+010, -0.98852157638672281E+002, -0.74066136767300890E+002, 
 0000000001,  0000000008,  0.81694375714556205E+009,  0.78009788966949117E+002, -0.77519109746450155E+002, 
 0000000001,  0000000009,  0.45809472884663063E+009, -0.41217488145622070E+002,  0.56304396516562207E+002, 
 0000000001,  0000000010,  0.23638339976122256E+008, -0.14771234268587961E+001,  0.31128861646354665E+002, 
 0000000002,  0000000001,  0.15337527475227997E+009,  0.38385242644747862E+002, -0.99900000000000006E+002, 
 0000000002,  0000000002,  0.33886060373629290E+009, -0.36267210169470495E+002, -0.10000000000000000E+003, 
 0000000002,  0000000003,  0.25026348865414333E+009,  0.48120477218466249E+002, -0.63175298504591026E+001, 
 0000000002,  0000000004,  0.44938905944006586E+009, -0.41245994525743527E+002,  0.21112687488484497E+002, 
 0000000002,  0000000005,  0.13674795433217673E+008,  0.18476275953363547E+002, -0.22702613585505304E+002, 
 0000000002,  0000000006,  0.20184014999439785E+009,  0.43462112747321228E+002, -0.56346272934491708E+002, 
 0000000002,  0000000007,  0.12104436121569527E+008,  0.11478423613277187E+001, -0.18058552162874591E+002, 
 0000000002,  0000000008,  0.15682451463452005E+009, -0.21990211033050883E+002, -0.10000000000000000E+003, 
 0000000002,  0000000009,  0.10510333379243258E+010, -0.69402611154454519E+002, -0.42582536837678404E+002, 
 0000000002,  0000000010,  0.76262649119749904E+008,  0.29994427407175664E+002, -0.68871138353645335E+002, 
 0000000003,  0000000001,  0.30336791901176598E+008, -0.48805666014304947E+001, -0.94490249150184169E+002, 
 0000000003,  0000000002,  0.24014602277033785E+009, -0.28645221706116615E+002, -0.61881175207258636E+002, 
 0000000003,  0000000003,  0.25911203999754645E+008,  0.20673229780055834E+002, -0.10000000000000000E+003, 
 0000000003,  0000000004,  0.41403529432539880E+009, -0.40048609691044668E+002, -0.37321178273302699E+002, 
 0000000003,  0000000005,  0.33119444123523211E+009,  0.52511405986775969E+002, -0.98493012983495760E+002, 
 0000000003,  0000000006,  0.13839365373160642E+008,  0.73346014414127580E-001, -0.51877719724958411E+002, 
 0000000003,  0000000007,  0.82096908378962708E+009,  0.79645357577447939E+002,  0.20855372051150404E+002, 
 0000000003,  0000000008,  0.16647189175543263E+010, -0.90331459430031913E+002, -0.83326628318533665E+002, 
 0000000003,  0000000009,  0.16564138519339141E+009, -0.22832642799035050E+002, -0.10000000000000000E+003, 
 0000000003,  0000000010,  0.80961010567331493E+008, -0.13435623515706119E+002, -0.10000000000000000E+003, 
 0000000004,  0000000001,  0.78720725398763031E+008, -0.12281479446754158E+002, -0.41692489270382239E+002, 
 0000000004,  0000000002,  0.37817275084540062E+007,  0.13883331700559786E+002, -0.44401992421446202E+002, 
 0000000004,  0000000003,  0.40321350109264836E+008, -0.62639639190676384E+001, -0.48671342376969974E+002, 
 0000000004,  0000000004,  0.44824318983934802E+009,  0.59951390308955332E+002, -0.83240822739429944E+002, 
 0000000004,  0000000005,  0.13745479348270148E+007,  0.60518956169236588E+001, -0.69942636901643624E+002, 
 0000000004,  0000000006,  0.24266441370721138E+009, -0.28693815367645112E+002, -0.51829500729819109E+002, 
 0000000004,  0000000007,  0.15649131854502916E+009, -0.20354642422552061E+002,  0.89415094111527882E+001, 
 0000000004,  0000000008,  0.51204349217723209E+009, -0.46053010124111324E+002, -0.69400676744645338E+002, 
 0000000004,  0000000009,  0.21152669477104926E+009,  0.44212409042016183E+002, -0.60805400752779164E+002, 
 0000000004,  0000000010,  0.21452859442803505E+009, -0.25670161279520215E+002,  0.00000000000000000E+000, 
 0000000005,  0000000001,  0.86101172616751210E+005,  0.10789588544112011E+002,  0.15473036406966997E+002, 
 0000000005,  0000000002,  0.18301446743889049E+009,  0.41803263220590033E+002, -0.57182023566360989E+002, 
 0000000005,  0000000003,  0.49089242205591008E+008, -0.83458637056376510E+001, -0.82347724642217472E+002, 
 0000000005,  0000000004,  0.97960291943153536E+009,  0.84448815245492099E+002, -0.87482621373879539E+002, 
 0000000005,  0000000005,  0.19247420178146949E+009, -0.24501886542149958E+002, -0.47846620507068977E+002, 
 0000000005,  0000000006,  0.40424185842527032E+008,  0.24119499605689445E+002, -0.76191665545232993E+002, 
 0000000005,  0000000007,  0.37572573747258961E+009, -0.38502044236743721E+002, -0.91058490588847206E+002, 
 0000000005,  0000000008,  0.29361708962592012E+009,  0.50252208294872247E+002, -0.77161518693337868E+002, 
 0000000005,  0000000009,  0.47787443321405381E+009, -0.43888420501796482E+002, -0.48943401092930650E+002, 
 0000000005,  0000000010,  0.19031032786350804E+007,  0.80695181102057845E+001,  0.99398061186142229E+002, 
 0000000006,  0000000001,  0.51369279324628793E+008,  0.28092889537261637E+002,  0.58347180664978922E+002, 
 0000000006,  0000000002,  0.41260453402559564E+008,  0.24810176027545673E+002, -0.41147682723009360E+002, 
 0000000006,  0000000003,  0.14261523001491565E+009,  0.39073121471221114E+002,  0.17652275357782528E+002, 
 0000000006,  0000000004,  0.39869791724177174E+008,  0.24913610531822357E+002, -0.16656560500871166E+002, 
 0000000006,  0000000005,  0.10366749290496991E+005,  0.95244261596833475E+001, -0.10064281233471732E+002, 
 0000000006,  0000000006,  0.64700200094722725E+008,  0.29262233221619550E+002, -0.63247872087039951E+001, 
 0000000006,  0000000007,  0.20389554086496457E+007,  0.65198839168148766E+001,  0.89415094111527935E+001, 
 0000000006,  0000000008,  0.23505413309062295E+008,  0.21924036454561580E+002,  0.21344587496999722E+002, 
 0000000006,  0000000009,  0.17990006482399499E+010, -0.92636150543735170E+002,  0.25199818340975803E+002, 
 0000000006,  0000000010,  0.11499304693665856E+009,  0.36829262859451816E+002,  0.65857089348503280E+002, 
 0000000007,  0000000001,  0.20055213539183579E+008,  0.21109045338705677E+002,  0.26913401678505366E+002, 
 0000000007,  0000000002,  0.22541975033405635E+009, -0.27110987833795484E+002, -0.37201345099062962E+002, 
 0000000007,  0000000003,  0.33522852477938181E+009,  0.53289995764402207E+002, -0.64462563334949692E+002, 
 0000000007,  0000000004,  0.31029170237304115E+009, -0.32200457293910929E+002,  0.44927763776314706E+002, 
 0000000007,  0000000005,  0.10561729153843394E+009,  0.35044160686058326E+002,  0.18272473221726202E+002, 
 0000000007,  0000000006,  0.83906765014262899E+005,  0.10833308830078071E+002,  0.19227023001553857E+002, 
 0000000007,  0000000007,  0.17735581314698103E+009,  0.43277972330952416E+002,  0.76532040927167955E+002, 
 0000000007,  0000000008,  0.24809717659142368E+008, -0.98206970387048997E+000,  0.82900684226501241E+002, 
 0000000007,  0000000009,  0.16686658717184733E+007,  0.73638494562648305E+001,  0.42693088159475671E+002, 
 0000000007,  0000000010,  0.28236436076652549E+008,  0.23044115753936318E+002,  0.20736668454920704E+002, 
 0000000008,  0000000001,  0.19779514499969352E+008, -0.11322141142455031E+001, -0.13365697922460448E+002, 
 0000000008,  0000000002,  0.40492894875033289E+009, -0.39755521609187497E+002, -0.54427111929333577E+002, 
 0000000008,  0000000003,  0.23824820098723881E+008, -0.34347327699870789E+001, -0.10000000000000000E+003, 
 0000000008,  0000000004,  0.26339707092591926E+009, -0.29273125688083773E+002,  0.15849116676214411E+002, 
 0000000008,  0000000005,  0.87748772058346108E+008, -0.12950223317662925E+002, -0.56173074049866401E+001, 
 0000000008,  0000000006,  0.36322674135117754E+008, -0.46070813729439291E+001,  0.10689928260613748E+002, 
 0000000008,  0000000007,  0.23320787374001157E+008, -0.22063640231122150E+001, -0.23467959072832045E+002, 
 0000000008,  0000000008,  0.40621997261953815E+007,  0.63361705158278490E+001,  0.89320985699845366E+002, 
 0000000008,  0000000009,  0.90259042867549300E+009,  0.82694094984828780E+002, -0.93323402180844539E+000, 
 0000000008,  0000000010,  0.29061425016813710E+008, -0.23643904609680888E+001,  0.57425381650927626E+002, 
 0000000009,  0000000001,  0.12737403572113225E+008,  0.98153726047725787E+000, -0.14532784881695326E+002, 
 0000000009,  0000000002,  0.44630496592083663E+009,  0.60244478390812503E+002, -0.56230908183506109E+002, 
 0000000009,  0000000003,  0.52285144747276974E+009, -0.45922800447130747E+002, -0.21600722168882967E+002, 
 0000000009,  0000000004,  0.48482299742385143E+009,  0.62193008053189452E+002, -0.70720485809179522E+002, 
 0000000009,  0000000005,  0.76069412722558647E+008, -0.11809459818049984E+002, -0.34440189900770228E+002, 
 0000000009,  0000000006,  0.38932250302860853E+007,  0.50909033660783241E+001,  0.17165193128604486E+001, 
 0000000009,  0000000007,  0.19528186441442716E+009, -0.25158716308990222E+002, -0.75902785040999163E+002, 
 0000000009,  0000000008,  0.67508855287125167E+007,  0.16381281746908535E+002,  0.15521738167819208E+002, 
 0000000009,  0000000009,  0.12316085247780682E+009, -0.17305905015171220E+002, -0.16385740836464294E+002, 
 0000000009,  0000000010,  0.11605841892324891E+008,  0.27117980797752885E+001,  0.74413438808138466E+002, 
 0000000010,  0000000001,  0.83105543584860116E+007,  0.17113954838778493E+002,  0.18402286626969321E+002, 
 0000000010,  0000000002,  0.63043773280513906E+009,  0.69885131347089555E+002, -0.57442081324513381E+002, 
 0000000010,  0000000003,  0.11135898995422235E+009,  0.35635262339344997E+002,  0.13056331411854885E+002, 
 0000000010,  0000000004,  0.10604601038316647E+010,  0.88168769779450315E+002, -0.43966866702729646E+002, 
 0000000010,  0000000005,  0.10680706847765430E+005,  0.97436644048709908E+001, -0.15395461377253426E+002, 
 0000000010,  0000000006,  0.32653263205570713E+008,  0.23531810376392265E+002, -0.11761535035848016E+002, 
 0000000010,  0000000007,  0.39783624127959318E+008, -0.56731357015745516E+001, -0.15376545948474593E+002, 
 0000000010,  0000000008,  0.21870661503489051E+008,  0.21330123463648967E+002,  0.93534003577739000E+001, 
 0000000010,  0000000009,  0.60659278062009716E+009, -0.49377435978661310E+002,  0.33716917991031124E+002, 
 0000000010,  0000000010,  0.15804564252541307E+008,  0.20661074185376076E+002,  0.80048542622162842E+002, 
